0   0.0103287   -0.0405564
-0.1    0.23427881  0.311534736
-0.2    0.45884314  0.664124144
-0.3    0.68402169  1.017211824
-0.4    0.90981446  1.370797776
-0.5    1.13622145  1.724882
-0.6    1.36324266  2.079464496
-0.7    1.59087809  2.434545264
-0.8    1.81912774  2.790124304
-0.9    2.04799161  3.146201616
-1  2.2774697   3.5027772
-1.1    2.50756201  3.859851056
-1.2    2.73826854  4.217423184
-1.3    2.96958929  4.575493584
-1.4    3.20152426  4.934062256
-1.5    3.43407345  5.2931292
-1.6    3.66723686  5.652694416
-1.7    3.90101449  6.012757904
-1.8    4.13540634  6.373319664
-1.9    4.37041241  6.734379696
-2  4.6060327   7.095938
-2.1    4.84226721  7.457994576
-2.2    5.07911594  7.820549424
-2.3    5.31657889  8.183602544
-2.4    5.55465606  8.547153936
-2.5    5.79334745  8.9112036
-2.6    6.03265306  9.275751536
-2.7    6.27257289  9.640797744
-2.8    6.51310694  10.00634222
-2.9    6.75425521  10.37238498
-3  6.9960177   10.738926
-3.1    7.23839441  11.1059653
-3.2    7.48138534  11.47350286
-3.3    7.72499049  11.8415387
-3.4    7.96920986  12.21007282
-3.5    8.21404345  12.5791052
-3.6    8.45949126  12.94863586
-3.7    8.70555329  13.31866478
-3.8    8.95222954  13.68919198
-3.9    9.19952001  14.06021746
-4  9.4474247   14.4317412
-4.1    9.69594361  14.80376322
-4.2    9.94507674  15.1762835
-4.3    10.19482409 15.54930206
-4.4    10.44518566 15.9228189
-4.5    10.69616145 16.296834
-4.6    10.94775146 16.67134738
-4.7    11.19995569 17.04635902
-4.8    11.45277414 17.42186894
-4.9    11.70620681 17.79787714
-5  11.9602537  18.1743836
-5.1    12.21491481 18.55138834
-5.2    12.47019014 18.92889134
-5.3    12.72607969 19.30689262
-5.4    12.98258346 19.68539218
-5.5    13.23970145 20.06439
-5.6    13.49743366 20.4438861
-5.7    13.75578009 20.82388046
-5.8    14.01474074 21.2043731
-5.9    14.27431561 21.58536402
-6  14.5345047  21.9668532
-6.1    14.79530801 22.34884066
-6.2    15.05672554 22.73132638
-6.3    15.31875729 23.11431038
-6.4    15.58140326 23.49779266
-6.5    15.84466345 23.8817732
-6.6    16.10853786 24.26625202
-6.7    16.37302649 24.6512291
-6.8    16.63812934 25.03670446
-6.9    16.90384641 25.4226781
-7  17.1701777  25.80915
-7.1    17.43712321 26.19612018
-7.2    17.70468294 26.58358862
-7.3    17.97285689 26.97155534
-7.4    18.24164506 27.36002034
-7.5    18.51104745 27.7489836
-7.6    18.78106406 28.13844514
-7.7    19.05169489 28.52840494
-7.8    19.32293994 28.91886302
-7.9    19.59479921 29.30981938
-8  19.8672727  29.701274
-8.1    20.14036041 30.0932269
-8.2    20.41406234 30.48567806
-8.3    20.68837849 30.8786275
-8.4    20.96330886 31.27207522
-8.5    21.23885345 31.6660212
-8.6    21.51501226 32.06046546
-8.7    21.79178529 32.45540798
-8.8    22.06917254 32.85084878
-8.9    22.34717401 33.24678786
-9  22.6257897  33.6432252
-9.1    22.90501961 34.04016082
-9.2    23.18486374 34.4375947
-9.3    23.46532209 34.83552686
-9.4    23.74639466 35.2339573
-9.5    24.02808145 35.632886
-9.6    24.31038246 36.03231298
-9.7    24.59329769 36.43223822
-9.8    24.87682714 36.83266174
-9.9    25.16097081 37.23358354
-10 25.4457287  37.6350036
-10.1   25.73110081 38.03692194
-10.2   26.01708714 38.43933854
-10.3   26.30368769 38.84225342
-10.4   26.59090246 39.24566658
-10.5   26.87873145 39.649578
-10.6   27.16717466 40.0539877
-10.7   27.45623209 40.45889566
-10.8   27.74590374 40.8643019
-10.9   28.03618961 41.27020642
-11 28.3270897  41.6766092
-11.1   28.61860401 42.08351026
-11.2   28.91073254 42.49090958
-11.3   29.20347529 42.89880718
-11.4   29.49683226 43.30720306
-11.5   29.79080345 43.7160972
-11.6   30.08538886 44.12548962
-11.7   30.38058849 44.5353803
-11.8   30.67640234 44.94576926
-11.9   30.97283041 45.3566565
-12 31.2698727  45.768042
-12.1   31.56752921 46.17992578
-12.2   31.86579994 46.59230782
-12.3   32.16468489 47.00518814
-12.4   32.46418406 47.41856674
-12.5   32.76429745 47.8324436
-12.6   33.06502506 48.24681874
-12.7   33.36636689 48.66169214
-12.8   33.66832294 49.07706382
-12.9   33.97089321 49.49293378
-13 34.2740777  49.909302
-13.1   34.57787641 50.3261685
-13.2   34.88228934 50.74353326
-13.3   35.18731649 51.1613963
-13.4   35.49295786 51.57975762
-13.5   35.79921345 51.9986172
