UHVZ_201500000001	1	1	100
UHVZ_201500000002	1	2	80.55
UHVZ_201500000003	1	3	76.75
UHVZ_201500000004	1	4	73.6
UHVZ_201500000005	1	5	70.95
UHVZ_201500000006	1	6	68.7
UHVZ_201500000007	1	7	66.7
UHVZ_201500000008	1	8	64.9
UHVZ_201500000009	1	9	63.2
UHVZ_201500000010	1	10	61.7
UHVZ_201500000011	1	11	60.3
UHVZ_201500000012	1	12	59
UHVZ_201500000013	1	13	57.75
UHVZ_201500000014	1	14	56.65
UHVZ_201500000015	1	15	55.6
UHVZ_201500000016	1	16	54.55
UHVZ_201500000017	1	17	53.6
UHVZ_201500000018	1	18	52.65
UHVZ_201500000019	1	19	51.8
UHVZ_201500000020	1	20	50.95
UHVZ_201500000021	2	1	100
UHVZ_201500000022	2	2	80.55
UHVZ_201500000023	2	3	76.75
UHVZ_201500000024	2	4	73.6
UHVZ_201500000025	2	5	70.95
UHVZ_201500000026	2	6	68.7
UHVZ_201500000027	2	7	66.7
UHVZ_201500000028	2	8	64.9
UHVZ_201500000029	2	9	63.2
UHVZ_201500000030	2	10	61.7
UHVZ_201500000031	2	11	60.3
UHVZ_201500000032	2	12	59
UHVZ_201500000033	2	13	57.75
UHVZ_201500000034	2	14	56.65
UHVZ_201500000035	2	15	55.5
UHVZ_201500000036	2	16	54.55
UHVZ_201500000037	2	17	53.55
UHVZ_201500000038	2	18	52.6
UHVZ_201500000039	2	19	51.75
UHVZ_201500000040	2	20	50.9
UHVZ_201500000041	3	1	100
UHVZ_201500000042	3	2	80.55
UHVZ_201500000043	3	3	76.6
UHVZ_201500000044	3	4	73.5
UHVZ_201500000045	3	5	70.95
UHVZ_201500000046	3	6	68.65
UHVZ_201500000047	3	7	66.6
UHVZ_201500000048	3	8	64.8
UHVZ_201500000049	3	9	63.2
UHVZ_201500000050	3	10	61.7
UHVZ_201500000051	3	11	60.3
UHVZ_201500000052	3	12	59
UHVZ_201500000053	3	13	57.75
UHVZ_201500000054	3	14	56.6
UHVZ_201500000055	3	15	55.5
UHVZ_201500000056	3	16	54.5
UHVZ_201500000057	3	17	53.55
UHVZ_201500000058	3	18	52.6
UHVZ_201500000059	3	19	51.7
UHVZ_201500000060	3	20	50.9
UHVZ_201500000061	4	1	100
UHVZ_201500000062	4	2	80.55
UHVZ_201500000063	4	3	76.6
UHVZ_201500000064	4	4	73.5
UHVZ_201500000065	4	5	70.95
UHVZ_201500000066	4	6	68.65
UHVZ_201500000067	4	7	66.6
UHVZ_201500000068	4	8	64.8
UHVZ_201500000069	4	9	63.15
UHVZ_201500000070	4	10	61.65
UHVZ_201500000071	4	11	60.25
UHVZ_201500000072	4	12	58.9
UHVZ_201500000073	4	13	57.7
UHVZ_201500000074	4	14	56.6
UHVZ_201500000075	4	15	55.5
UHVZ_201500000076	4	16	54.5
UHVZ_201500000077	4	17	53.55
UHVZ_201500000078	4	18	52.6
UHVZ_201500000079	4	19	51.7
UHVZ_201500000080	4	20	50.9
UHVZ_201500000081	5	1	100
UHVZ_201500000082	5	2	80.4
UHVZ_201500000083	5	3	76.6
UHVZ_201500000084	5	4	73.5
UHVZ_201500000085	5	5	70.85
UHVZ_201500000086	5	6	68.55
UHVZ_201500000087	5	7	66.6
UHVZ_201500000088	5	8	64.8
UHVZ_201500000089	5	9	63.1
UHVZ_201500000090	5	10	61.6
UHVZ_201500000091	5	11	60.2
UHVZ_201500000092	5	12	58.9
UHVZ_201500000093	5	13	57.7
UHVZ_201500000094	5	14	56.6
UHVZ_201500000095	5	15	55.45
UHVZ_201500000096	5	16	54.45
UHVZ_201500000097	5	17	53.45
UHVZ_201500000098	5	18	52.55
UHVZ_201500000099	5	19	51.7
UHVZ_201500000100	5	20	50.85
UHVZ_201500000101	6	1	100
UHVZ_201500000102	6	2	80.4
UHVZ_201500000103	6	3	76.6
UHVZ_201500000104	6	4	73.5
UHVZ_201500000105	6	5	70.85
UHVZ_201500000106	6	6	68.55
UHVZ_201500000107	6	7	66.5
UHVZ_201500000108	6	8	64.7
UHVZ_201500000109	6	9	63.1
UHVZ_201500000110	6	10	61.6
UHVZ_201500000111	6	11	60.2
UHVZ_201500000112	6	12	58.9
UHVZ_201500000113	6	13	57.7
UHVZ_201500000114	6	14	56.5
UHVZ_201500000115	6	15	55.45
UHVZ_201500000116	6	16	54.4
UHVZ_201500000117	6	17	53.45
UHVZ_201500000118	6	18	52.55
UHVZ_201500000119	6	19	51.65
UHVZ_201500000120	6	20	50.85
UHVZ_201500000121	7	1	100
UHVZ_201500000122	7	2	80.4
UHVZ_201500000123	7	3	76.45
UHVZ_201500000124	7	4	73.4
UHVZ_201500000125	7	5	70.85
UHVZ_201500000126	7	6	68.55
UHVZ_201500000127	7	7	66.5
UHVZ_201500000128	7	8	64.7
UHVZ_201500000129	7	9	63.05
UHVZ_201500000130	7	10	61.55
UHVZ_201500000131	7	11	60.2
UHVZ_201500000132	7	12	58.85
UHVZ_201500000133	7	13	57.65
UHVZ_201500000134	7	14	56.5
UHVZ_201500000135	7	15	55.45
UHVZ_201500000136	7	16	54.4
UHVZ_201500000137	7	17	53.45
UHVZ_201500000138	7	18	52.55
UHVZ_201500000139	7	19	51.65
UHVZ_201500000140	7	20	50.85
UHVZ_201500000141	8	1	100
UHVZ_201500000142	8	2	80.4
UHVZ_201500000143	8	3	76.45
UHVZ_201500000144	8	4	73.4
UHVZ_201500000145	8	5	70.75
UHVZ_201500000146	8	6	68.45
UHVZ_201500000147	8	7	66.5
UHVZ_201500000148	8	8	64.7
UHVZ_201500000149	8	9	63.05
UHVZ_201500000150	8	10	61.55
UHVZ_201500000151	8	11	60.1
UHVZ_201500000152	8	12	58.85
UHVZ_201500000153	8	13	57.6
UHVZ_201500000154	8	14	56.45
UHVZ_201500000155	8	15	55.4
UHVZ_201500000156	8	16	54.4
UHVZ_201500000157	8	17	53.4
UHVZ_201500000158	8	18	52.5
UHVZ_201500000159	8	19	51.65
UHVZ_201500000160	8	20	50.8
UHVZ_201500000161	9	1	100
UHVZ_201500000162	9	2	80.25
UHVZ_201500000163	9	3	76.5
UHVZ_201500000164	9	4	73.4
UHVZ_201500000165	9	5	70.75
UHVZ_201500000166	9	6	68.45
UHVZ_201500000167	9	7	66.5
UHVZ_201500000168	9	8	64.65
UHVZ_201500000169	9	9	63.05
UHVZ_201500000170	9	10	61.55
UHVZ_201500000171	9	11	60.1
UHVZ_201500000172	9	12	58.85
UHVZ_201500000173	9	13	57.6
UHVZ_201500000174	9	14	56.45
UHVZ_201500000175	9	15	55.4
UHVZ_201500000176	9	16	54.35
UHVZ_201500000177	9	17	53.4
UHVZ_201500000178	9	18	52.5
UHVZ_201500000179	9	19	51.6
UHVZ_201500000180	9	20	50.8
UHVZ_201500000181	10	1	100
UHVZ_201500000182	10	2	80.25
UHVZ_201500000183	10	3	76.5
UHVZ_201500000184	10	4	73.25
UHVZ_201500000185	10	5	70.7
UHVZ_201500000186	10	6	68.45
UHVZ_201500000187	10	7	66.4
UHVZ_201500000188	10	8	64.6
UHVZ_201500000189	10	9	63
UHVZ_201500000190	10	10	61.45
UHVZ_201500000191	10	11	60.1
UHVZ_201500000192	10	12	58.75
UHVZ_201500000193	10	13	57.55
UHVZ_201500000194	10	14	56.45
UHVZ_201500000195	10	15	55.35
UHVZ_201500000196	10	16	54.35
UHVZ_201500000197	10	17	53.4
UHVZ_201500000198	10	18	52.45
UHVZ_201500000199	10	19	51.6
UHVZ_201500000200	10	20	50.75
UHVZ_201500000201	11	1	100
UHVZ_201500000202	11	2	80.25
UHVZ_201500000203	11	3	76.35
UHVZ_201500000204	11	4	73.25
UHVZ_201500000205	11	5	70.7
UHVZ_201500000206	11	6	68.45
UHVZ_201500000207	11	7	66.4
UHVZ_201500000208	11	8	64.6
UHVZ_201500000209	11	9	62.95
UHVZ_201500000210	11	10	61.45
UHVZ_201500000211	11	11	60.05
UHVZ_201500000212	11	12	58.75
UHVZ_201500000213	11	13	57.55
UHVZ_201500000214	11	14	56.4
UHVZ_201500000215	11	15	55.3
UHVZ_201500000216	11	16	54.35
UHVZ_201500000217	11	17	53.35
UHVZ_201500000218	11	18	52.45
UHVZ_201500000219	11	19	51.55
UHVZ_201500000220	11	20	50.75
UHVZ_201500000221	12	1	100
UHVZ_201500000222	12	2	80.3
UHVZ_201500000223	12	3	76.35
UHVZ_201500000224	12	4	73.25
UHVZ_201500000225	12	5	70.6
UHVZ_201500000226	12	6	68.35
UHVZ_201500000227	12	7	66.4
UHVZ_201500000228	12	8	64.6
UHVZ_201500000229	12	9	62.95
UHVZ_201500000230	12	10	61.45
UHVZ_201500000231	12	11	60.05
UHVZ_201500000232	12	12	58.75
UHVZ_201500000233	12	13	57.55
UHVZ_201500000234	12	14	56.35
UHVZ_201500000235	12	15	55.3
UHVZ_201500000236	12	16	54.3
UHVZ_201500000237	12	17	53.35
UHVZ_201500000238	12	18	52.4
UHVZ_201500000239	12	19	51.55
UHVZ_201500000240	12	20	50.7
UHVZ_201500000241	13	1	100
UHVZ_201500000242	13	2	80.3
UHVZ_201500000243	13	3	76.35
UHVZ_201500000244	13	4	73.25
UHVZ_201500000245	13	5	70.6
UHVZ_201500000246	13	6	68.35
UHVZ_201500000247	13	7	66.3
UHVZ_201500000248	13	8	64.55
UHVZ_201500000249	13	9	62.95
UHVZ_201500000250	13	10	61.4
UHVZ_201500000251	13	11	60.05
UHVZ_201500000252	13	12	58.7
UHVZ_201500000253	13	13	57.5
UHVZ_201500000254	13	14	56.35
UHVZ_201500000255	13	15	55.3
UHVZ_201500000256	13	16	54.3
UHVZ_201500000257	13	17	53.3
UHVZ_201500000258	13	18	52.35
UHVZ_201500000259	13	19	51.55
UHVZ_201500000260	13	20	50.65
UHVZ_201500000261	14	1	100
UHVZ_201500000262	14	2	80.1
UHVZ_201500000263	14	3	76.35
UHVZ_201500000264	14	4	73.15
UHVZ_201500000265	14	5	70.6
UHVZ_201500000266	14	6	68.35
UHVZ_201500000267	14	7	66.3
UHVZ_201500000268	14	8	64.55
UHVZ_201500000269	14	9	62.85
UHVZ_201500000270	14	10	61.35
UHVZ_201500000271	14	11	59.95
UHVZ_201500000272	14	12	58.7
UHVZ_201500000273	14	13	57.45
UHVZ_201500000274	14	14	56.3
UHVZ_201500000275	14	15	55.25
UHVZ_201500000276	14	16	54.25
UHVZ_201500000277	14	17	53.3
UHVZ_201500000278	14	18	52.35
UHVZ_201500000279	14	19	51.5
UHVZ_201500000280	14	20	50.65
UHVZ_201500000281	15	1	100
UHVZ_201500000282	15	2	80.15
UHVZ_201500000283	15	3	76.2
UHVZ_201500000284	15	4	73.15
UHVZ_201500000285	15	5	70.6
UHVZ_201500000286	15	6	68.25
UHVZ_201500000287	15	7	66.3
UHVZ_201500000288	15	8	64.5
UHVZ_201500000289	15	9	62.85
UHVZ_201500000290	15	10	61.35
UHVZ_201500000291	15	11	59.95
UHVZ_201500000292	15	12	58.7
UHVZ_201500000293	15	13	57.45
UHVZ_201500000294	15	14	56.3
UHVZ_201500000295	15	15	55.25
UHVZ_201500000296	15	16	54.2
UHVZ_201500000297	15	17	53.25
UHVZ_201500000298	15	18	52.35
UHVZ_201500000299	15	19	51.5
UHVZ_201500000300	15	20	50.65
UHVZ_201500000301	16	1	100
UHVZ_201500000302	16	2	80.15
UHVZ_201500000303	16	3	76.2
UHVZ_201500000304	16	4	73.15
UHVZ_201500000305	16	5	70.5
UHVZ_201500000306	16	6	68.25
UHVZ_201500000307	16	7	66.3
UHVZ_201500000308	16	8	64.45
UHVZ_201500000309	16	9	62.85
UHVZ_201500000310	16	10	61.3
UHVZ_201500000311	16	11	59.95
UHVZ_201500000312	16	12	58.6
UHVZ_201500000313	16	13	57.4
UHVZ_201500000314	16	14	56.3
UHVZ_201500000315	16	15	55.25
UHVZ_201500000316	16	16	54.2
UHVZ_201500000317	16	17	53.2
UHVZ_201500000318	16	18	52.3
UHVZ_201500000319	16	19	51.45
UHVZ_201500000320	16	20	50.6
UHVZ_201500000321	17	1	100
UHVZ_201500000322	17	2	80.15
UHVZ_201500000323	17	3	76.2
UHVZ_201500000324	17	4	73.15
UHVZ_201500000325	17	5	70.5
UHVZ_201500000326	17	6	68.25
UHVZ_201500000327	17	7	66.2
UHVZ_201500000328	17	8	64.45
UHVZ_201500000329	17	9	62.75
UHVZ_201500000330	17	10	61.3
UHVZ_201500000331	17	11	59.9
UHVZ_201500000332	17	12	58.6
UHVZ_201500000333	17	13	57.4
UHVZ_201500000334	17	14	56.25
UHVZ_201500000335	17	15	55.2
UHVZ_201500000336	17	16	54.15
UHVZ_201500000337	17	17	53.2
UHVZ_201500000338	17	18	52.3
UHVZ_201500000339	17	19	51.4
UHVZ_201500000340	17	20	50.6
UHVZ_201500000341	18	1	100
UHVZ_201500000342	18	2	80
UHVZ_201500000343	18	3	76.2
UHVZ_201500000344	18	4	73.05
UHVZ_201500000345	18	5	70.5
UHVZ_201500000346	18	6	68.25
UHVZ_201500000347	18	7	66.2
UHVZ_201500000348	18	8	64.45
UHVZ_201500000349	18	9	62.75
UHVZ_201500000350	18	10	61.3
UHVZ_201500000351	18	11	59.9
UHVZ_201500000352	18	12	58.6
UHVZ_201500000353	18	13	57.4
UHVZ_201500000354	18	14	56.25
UHVZ_201500000355	18	15	55.15
UHVZ_201500000356	18	16	54.15
UHVZ_201500000357	18	17	53.2
UHVZ_201500000358	18	18	52.3
UHVZ_201500000359	18	19	51.4
UHVZ_201500000360	18	20	50.55
UHVZ_201500000361	19	1	100
UHVZ_201500000362	19	2	80
UHVZ_201500000363	19	3	76.1
UHVZ_201500000364	19	4	73
UHVZ_201500000365	19	5	70.4
UHVZ_201500000366	19	6	68.15
UHVZ_201500000367	19	7	66.2
UHVZ_201500000368	19	8	64.4
UHVZ_201500000369	19	9	62.75
UHVZ_201500000370	19	10	61.3
UHVZ_201500000371	19	11	59.85
UHVZ_201500000372	19	12	58.55
UHVZ_201500000373	19	13	57.35
UHVZ_201500000374	19	14	56.25
UHVZ_201500000375	19	15	55.15
UHVZ_201500000376	19	16	54.15
UHVZ_201500000377	19	17	53.15
UHVZ_201500000378	19	18	52.25
UHVZ_201500000379	19	19	51.35
UHVZ_201500000380	19	20	50.55
UHVZ_201500000381	20	1	100
UHVZ_201500000382	20	2	80
UHVZ_201500000383	20	3	76.1
UHVZ_201500000384	20	4	73
UHVZ_201500000385	20	5	70.4
UHVZ_201500000386	20	6	68.15
UHVZ_201500000387	20	7	66.15
UHVZ_201500000388	20	8	64.35
UHVZ_201500000389	20	9	62.7
UHVZ_201500000390	20	10	61.2
UHVZ_201500000391	20	11	59.8
UHVZ_201500000392	20	12	58.55
UHVZ_201500000393	20	13	57.3
UHVZ_201500000394	20	14	56.15
UHVZ_201500000395	20	15	55.1
UHVZ_201500000396	20	16	54.1
UHVZ_201500000397	20	17	53.15
UHVZ_201500000398	20	18	52.25
UHVZ_201500000399	20	19	51.35
UHVZ_201500000400	20	20	50.55
UHVZ_201500000401	21	1	100
UHVZ_201500000402	21	2	80
UHVZ_201500000403	21	3	76.1
UHVZ_201500000404	21	4	73
UHVZ_201500000405	21	5	70.4
UHVZ_201500000406	21	6	68.15
UHVZ_201500000407	21	7	66.1
UHVZ_201500000408	21	8	64.35
UHVZ_201500000409	21	9	62.7
UHVZ_201500000410	21	10	61.2
UHVZ_201500000411	21	11	59.8
UHVZ_201500000412	21	12	58.55
UHVZ_201500000413	21	13	57.3
UHVZ_201500000414	21	14	56.15
UHVZ_201500000415	21	15	55.1
UHVZ_201500000416	21	16	54.1
UHVZ_201500000417	21	17	53.15
UHVZ_201500000418	21	18	52.2
UHVZ_201500000419	21	19	51.35
UHVZ_201500000420	21	20	50.5
UHVZ_201500000421	22	1	100
UHVZ_201500000422	22	2	79.85
UHVZ_201500000423	22	3	76.1
UHVZ_201500000424	22	4	72.9
UHVZ_201500000425	22	5	70.4
UHVZ_201500000426	22	6	68.05
UHVZ_201500000427	22	7	66.1
UHVZ_201500000428	22	8	64.35
UHVZ_201500000429	22	9	62.7
UHVZ_201500000430	22	10	61.2
UHVZ_201500000431	22	11	59.8
UHVZ_201500000432	22	12	58.45
UHVZ_201500000433	22	13	57.25
UHVZ_201500000434	22	14	56.15
UHVZ_201500000435	22	15	55.1
UHVZ_201500000436	22	16	54.1
UHVZ_201500000437	22	17	53.1
UHVZ_201500000438	22	18	52.2
UHVZ_201500000439	22	19	51.3
UHVZ_201500000440	22	20	50.5
UHVZ_201500000441	23	1	100
UHVZ_201500000442	23	2	79.85
UHVZ_201500000443	23	3	75.95
UHVZ_201500000444	23	4	72.9
UHVZ_201500000445	23	5	70.3
UHVZ_201500000446	23	6	68.05
UHVZ_201500000447	23	7	66.1
UHVZ_201500000448	23	8	64.25
UHVZ_201500000449	23	9	62.65
UHVZ_201500000450	23	10	61.1
UHVZ_201500000451	23	11	59.7
UHVZ_201500000452	23	12	58.45
UHVZ_201500000453	23	13	57.25
UHVZ_201500000454	23	14	56.1
UHVZ_201500000455	23	15	55.05
UHVZ_201500000456	23	16	54
UHVZ_201500000457	23	17	53.1
UHVZ_201500000458	23	18	52.2
UHVZ_201500000459	23	19	51.3
UHVZ_201500000460	23	20	50.45
UHVZ_201500000461	24	1	100
UHVZ_201500000462	24	2	79.85
UHVZ_201500000463	24	3	75.95
UHVZ_201500000464	24	4	72.9
UHVZ_201500000465	24	5	70.3
UHVZ_201500000466	24	6	68.05
UHVZ_201500000467	24	7	66
UHVZ_201500000468	24	8	64.25
UHVZ_201500000469	24	9	62.6
UHVZ_201500000470	24	10	61.1
UHVZ_201500000471	24	11	59.7
UHVZ_201500000472	24	12	58.45
UHVZ_201500000473	24	13	57.25
UHVZ_201500000474	24	14	56.1
UHVZ_201500000475	24	15	55.05
UHVZ_201500000476	24	16	54
UHVZ_201500000477	24	17	53.05
UHVZ_201500000478	24	18	52.15
UHVZ_201500000479	24	19	51.3
UHVZ_201500000480	24	20	50.45
UHVZ_201500000481	25	1	100
UHVZ_201500000482	25	2	79.85
UHVZ_201500000483	25	3	75.95
UHVZ_201500000484	25	4	72.9
UHVZ_201500000485	25	5	70.25
UHVZ_201500000486	25	6	68.05
UHVZ_201500000487	25	7	66
UHVZ_201500000488	25	8	64.25
UHVZ_201500000489	25	9	62.6
UHVZ_201500000490	25	10	61.1
UHVZ_201500000491	25	11	59.7
UHVZ_201500000492	25	12	58.4
UHVZ_201500000493	25	13	57.2
UHVZ_201500000494	25	14	56.1
UHVZ_201500000495	25	15	54.95
UHVZ_201500000496	25	16	54
UHVZ_201500000497	25	17	53
UHVZ_201500000498	25	18	52.1
UHVZ_201500000499	25	19	51.25
UHVZ_201500000500	25	20	50.45
UHVZ_201500000501	26	1	100
UHVZ_201500000502	26	2	79.7
UHVZ_201500000503	26	3	75.95
UHVZ_201500000504	26	4	72.8
UHVZ_201500000505	26	5	70.25
UHVZ_201500000506	26	6	67.95
UHVZ_201500000507	26	7	66
UHVZ_201500000508	26	8	64.15
UHVZ_201500000509	26	9	62.6
UHVZ_201500000510	26	10	61.05
UHVZ_201500000511	26	11	59.7
UHVZ_201500000512	26	12	58.4
UHVZ_201500000513	26	13	57.2
UHVZ_201500000514	26	14	56
UHVZ_201500000515	26	15	54.95
UHVZ_201500000516	26	16	53.95
UHVZ_201500000517	26	17	53
UHVZ_201500000518	26	18	52.1
UHVZ_201500000519	26	19	51.25
UHVZ_201500000520	26	20	50.4
UHVZ_201500000521	27	1	85
UHVZ_201500000522	27	2	79.7
UHVZ_201500000523	27	3	75.8
UHVZ_201500000524	27	4	72.8
UHVZ_201500000525	27	5	70.15
UHVZ_201500000526	27	6	67.95
UHVZ_201500000527	27	7	65.95
UHVZ_201500000528	27	8	64.15
UHVZ_201500000529	27	9	62.5
UHVZ_201500000530	27	10	61.05
UHVZ_201500000531	27	11	59.65
UHVZ_201500000532	27	12	58.35
UHVZ_201500000533	27	13	57.15
UHVZ_201500000534	27	14	56
UHVZ_201500000535	27	15	54.95
UHVZ_201500000536	27	16	53.95
UHVZ_201500000537	27	17	52.95
UHVZ_201500000538	27	18	52.05
UHVZ_201500000539	27	19	51.2
UHVZ_201500000540	27	20	50.4
UHVZ_201500000541	28	1	85
UHVZ_201500000542	28	2	79.7
UHVZ_201500000543	28	3	75.8
UHVZ_201500000544	28	4	72.8
UHVZ_201500000545	28	5	70.15
UHVZ_201500000546	28	6	67.95
UHVZ_201500000547	28	7	65.9
UHVZ_201500000548	28	8	64.15
UHVZ_201500000549	28	9	62.5
UHVZ_201500000550	28	10	61
UHVZ_201500000551	28	11	59.65
UHVZ_201500000552	28	12	58.3
UHVZ_201500000553	28	13	57.1
UHVZ_201500000554	28	14	56
UHVZ_201500000555	28	15	54.9
UHVZ_201500000556	28	16	53.95
UHVZ_201500000557	28	17	52.95
UHVZ_201500000558	28	18	52.05
UHVZ_201500000559	28	19	51.2
UHVZ_201500000560	28	20	50.4
UHVZ_201500000561	29	1	100
UHVZ_201500000562	29	2	79.7
UHVZ_201500000563	29	3	75.8
UHVZ_201500000564	29	4	72.65
UHVZ_201500000565	29	5	70.15
UHVZ_201500000566	29	6	67.95
UHVZ_201500000567	29	7	65.9
UHVZ_201500000568	29	8	64.15
UHVZ_201500000569	29	9	62.5
UHVZ_201500000570	29	10	60.95
UHVZ_201500000571	29	11	59.6
UHVZ_201500000572	29	12	58.3
UHVZ_201500000573	29	13	57.1
UHVZ_201500000574	29	14	55.95
UHVZ_201500000575	29	15	54.9
UHVZ_201500000576	29	16	53.9
UHVZ_201500000577	29	17	52.95
UHVZ_201500000578	29	18	52.05
UHVZ_201500000579	29	19	51.2
UHVZ_201500000580	29	20	50.35
UHVZ_201500000581	30	1	100
UHVZ_201500000582	30	2	79.55
UHVZ_201500000583	30	3	75.8
UHVZ_201500000584	30	4	72.65
UHVZ_201500000585	30	5	70.05
UHVZ_201500000586	30	6	67.85
UHVZ_201500000587	30	7	65.9
UHVZ_201500000588	30	8	64.05
UHVZ_201500000589	30	9	62.4
UHVZ_201500000590	30	10	60.95
UHVZ_201500000591	30	11	59.55
UHVZ_201500000592	30	12	58.3
UHVZ_201500000593	30	13	57.1
UHVZ_201500000594	30	14	55.95
UHVZ_201500000595	30	15	54.9
UHVZ_201500000596	30	16	53.9
UHVZ_201500000597	30	17	52.9
UHVZ_201500000598	30	18	52
UHVZ_201500000599	30	19	51.15
UHVZ_201500000600	30	20	50.3
